 129
 258
 800
 2
 142
 2
 129
 258
 500
 2
 142
 2
 130
 261
 2000
 2
 141
 4
 132
 264
 800
 2
 142
 2
 132
 264
 800
 2
 142
 2
 134
 268
 250
 1
 143
 2
 135
 270
 250
 1
 143
 2
 136
 272
 250
 1
 143
 2
 137
 274
 250
 1
 143
 2
 138
 276
 250
 1
 143
 2
 139
 278
 10000
 2
 142
 5
 140
 280
 10000
 2
 142
 5
 144
 288
 4000
 1
 143
 4
-6
 0
-5
-1
-4
-3
-2
-4
 0
-5
 2
-4
 4
-3
 5
-1
 6
 0
 5
 2
 4
 4
 2
 5
 0
 6
-2
 5
-4
 4
-5
 2
 2
 4
 6
 0
 0
 8
 14
 12
 10
4 H.E. Bombs
8 A.G Rockets
Bonus Fuel
Extra Firepower
Extra Ammo
Engine Boost
Fire Extinguisher
5000 Points
10000 Points
20000 Points
50000 Points
Bonus Aircraft
Repair Bonus
Turbo Boost
Cluster Bomb
Aircraft Repaired
 0
 20
 21
 23
 25
 25
 30
 31
 33
 20
 21
 23
 25
-500
 0
-500
 0
 4000
 3
-1000
 0
 4000
 1
 0
 0
 10000
 2
 500
 0
 5000
 2
 4000
 0
-100
 0
 0
 0
 5000
 2
 2000
 2
 10000
 3
 5000
 2
 22
 23
 24
 14
 28
 12
 29
 18
 32
 29
 33
 22
 34
 13
 35
 9
 17
 18
 3
 4
 5
 6
 7
 19
 20
 10
 11
 12
 13
 14
 15
 16
